0.000000  1.246831 
0.031416  1.259804 
0.062832  1.246805 
0.094248  1.259857 
0.125664  1.246723 
0.157080  1.259967 
0.188496  1.246583 
0.219911  1.260139 
0.251327  1.246377 
0.282743  1.260382 
0.314159  1.246094 
0.345575  1.260710 
0.376991  1.245717 
0.408407  1.261143 
0.439823  1.245220 
0.471239  1.261714 
0.502655  1.244562 
0.534071  1.262473 
0.565487  1.243682 
0.596903  1.263501 
0.628319  1.242473 
0.659734  1.264938 
0.691150  1.240743 
0.722566  1.267050 
0.753982  1.238114 
0.785398  1.270401 
0.816814  1.233711 
0.848230  1.276429 
0.879646  1.224981 
0.911062  1.290164 
0.942478  1.200283 
0.973894  1.347113 
1.005310  0.416779 
1.036726  -0.095101 
1.068141  0.051326 
1.099557  -0.034593 
1.130973  0.025879 
1.162389  -0.020565 
1.193805  0.016997 
1.225221  -0.014441 
1.256637  0.012523 
1.288053  -0.011032 
1.319469  0.009841 
1.350885  -0.008869 
1.382301  0.008062 
1.413717  -0.007381 
1.445133  0.006799 
1.476549  -0.006297 
1.507964  0.005860 
1.539380  -0.005476 
1.570796  0.005135 
1.602212  -0.004833 
1.633628  0.004562 
1.665044  -0.004317 
1.696460  0.004097 
1.727876  -0.003896 
1.759292  0.003714 
1.790708  -0.003547 
1.822124  0.003393 
1.853540  -0.003252 
1.884956  0.003122 
1.916371  -0.003001 
1.947787  0.002890 
1.979203  -0.002786 
2.010619  0.002689 
2.042035  -0.002599 
2.073451  0.002515 
2.104867  -0.002436 
2.136283  0.002362 
2.167699  -0.002292 
2.199115  0.002227 
2.230531  -0.002166 
2.261947  0.002108 
2.293363  -0.002053 
2.324779  0.002001 
2.356194  -0.001953 
2.387610  0.001907 
2.419026  -0.001863 
2.450442  0.001821 
2.481858  -0.001782 
2.513274  0.001745 
2.544690  -0.001710 
2.576106  0.001676 
2.607522  -0.001644 
2.638938  0.001614 
2.670354  -0.001585 
2.701770  0.001557 
2.733186  -0.001531 
2.764601  0.001506 
2.796017  -0.001482 
2.827433  0.001460 
2.858849  -0.001438 
2.890265  0.001417 
2.921681  -0.001398 
2.953097  0.001379 
2.984513  -0.001362 
3.015929  0.001345 
3.047345  -0.001328 
3.078761  0.001313 
3.110177  -0.001299 
3.141593  0.001285 
3.173009  -0.001272 
3.204425  0.001259 
3.235840  -0.001247 
3.267256  0.001236 
3.298672  -0.001225 
3.330088  0.001215 
3.361504  -0.001206 
3.392920  0.001197 
3.424336  -0.001188 
3.455752  0.001180 
3.487168  -0.001173 
3.518584  0.001166 
3.550000  -0.001159 
3.581416  0.001153 
3.612832  -0.001148 
3.644248  0.001143 
3.675663  -0.001138 
3.707079  0.001134 
3.738495  -0.001130 
3.769911  0.001127 
3.801327  -0.001124 
3.832743  0.001121 
3.864159  -0.001119 
3.895575  0.001117 
3.926991  -0.001116 
3.958407  0.001115 
3.989823  -0.001114 
-4.021239  0.001114 
-3.989823  -0.001114 
-3.958407  0.001115 
-3.926991  -0.001116 
-3.895575  0.001117 
-3.864159  -0.001119 
-3.832743  0.001121 
-3.801327  -0.001124 
-3.769911  0.001127 
-3.738495  -0.001130 
-3.707079  0.001134 
-3.675663  -0.001138 
-3.644248  0.001143 
-3.612832  -0.001148 
-3.581416  0.001153 
-3.550000  -0.001159 
-3.518584  0.001166 
-3.487168  -0.001173 
-3.455752  0.001180 
-3.424336  -0.001188 
-3.392920  0.001197 
-3.361504  -0.001206 
-3.330088  0.001215 
-3.298672  -0.001225 
-3.267256  0.001236 
-3.235840  -0.001247 
-3.204425  0.001259 
-3.173009  -0.001272 
-3.141593  0.001285 
-3.110177  -0.001299 
-3.078761  0.001313 
-3.047345  -0.001328 
-3.015929  0.001345 
-2.984513  -0.001362 
-2.953097  0.001379 
-2.921681  -0.001398 
-2.890265  0.001417 
-2.858849  -0.001438 
-2.827433  0.001460 
-2.796017  -0.001482 
-2.764601  0.001506 
-2.733186  -0.001531 
-2.701770  0.001557 
-2.670354  -0.001585 
-2.638938  0.001614 
-2.607522  -0.001644 
-2.576106  0.001676 
-2.544690  -0.001710 
-2.513274  0.001745 
-2.481858  -0.001782 
-2.450442  0.001821 
-2.419026  -0.001863 
-2.387610  0.001907 
-2.356194  -0.001953 
-2.324779  0.002001 
-2.293363  -0.002053 
-2.261947  0.002108 
-2.230531  -0.002166 
-2.199115  0.002227 
-2.167699  -0.002292 
-2.136283  0.002362 
-2.104867  -0.002436 
-2.073451  0.002515 
-2.042035  -0.002599 
-2.010619  0.002689 
-1.979203  -0.002786 
-1.947787  0.002890 
-1.916371  -0.003001 
-1.884956  0.003122 
-1.853540  -0.003252 
-1.822124  0.003393 
-1.790708  -0.003547 
-1.759292  0.003714 
-1.727876  -0.003896 
-1.696460  0.004097 
-1.665044  -0.004317 
-1.633628  0.004562 
-1.602212  -0.004833 
-1.570796  0.005135 
-1.539380  -0.005476 
-1.507964  0.005860 
-1.476549  -0.006297 
-1.445133  0.006799 
-1.413717  -0.007381 
-1.382301  0.008062 
-1.350885  -0.008869 
-1.319469  0.009841 
-1.288053  -0.011032 
-1.256637  0.012523 
-1.225221  -0.014441 
-1.193805  0.016997 
-1.162389  -0.020565 
-1.130973  0.025879 
-1.099557  -0.034593 
-1.068141  0.051326 
-1.036726  -0.095101 
-1.005310  0.416779 
-0.973894  1.347113 
-0.942478  1.200283 
-0.911062  1.290164 
-0.879646  1.224981 
-0.848230  1.276429 
-0.816814  1.233711 
-0.785398  1.270401 
-0.753982  1.238114 
-0.722566  1.267050 
-0.691150  1.240743 
-0.659734  1.264938 
-0.628319  1.242473 
-0.596903  1.263501 
-0.565487  1.243682 
-0.534071  1.262473 
-0.502655  1.244562 
-0.471239  1.261714 
-0.439823  1.245220 
-0.408407  1.261143 
-0.376991  1.245717 
-0.345575  1.260710 
-0.314159  1.246094 
-0.282743  1.260382 
-0.251327  1.246377 
-0.219911  1.260139 
-0.188496  1.246583 
-0.157080  1.259967 
-0.125664  1.246723 
-0.094248  1.259857 
-0.062832  1.246805 
-0.031416  1.259804 
